941
941
941
941
941
941
1187
1057
551
1468
3956
3010
1613
4711
4868
3612
3498
1023
1156
4810
2410
4651
4681
1230
3501
2462
3609
1454
1325
2151
1947
2650
1498
4284
4824
2414
1550
846
3682
1725
2493
4267
2761
3748
2201
2612
2594
2922
4041
1246
2002
1686
740
3648
4472
3720
1604
4203
4760
3079
634
2693
4528
1172
1590
4321
1830
1142
4395
1561
3902
1048
1086
4716
2402
2248
780
635
3411
4724
4874
2188
4042
3495
3385
4169
4884
3555
4727
2787
1982
3194
3367
4374
4261
4193
1479
4179
741
2761
2115
1962
2763
1157
1963